0.959037
0.284123
0.0705647
0.0277826
0.667122
0.188465
2.5792
0.616412
2.66725
1.32715
0.80725
1.24549
1.01336
0.0395075
1.2011
0.0286321
1.28679
0.771978
0.997534
1.20688
0.0659287
0.969798
2.20339
1.00237
1.21923
2.44576
1.81374
0.960233
1.05375
4.51297
4.34205
7.36471
8.61591
9.01878
18.7455
7.91515
5.06838
16.4987
15.7786
13.7388
25.2485
19.2819
24.6844
21.7525
29.5367
25.3976
28.4033
28.7466
39.0825
26.5479
26.718
32.9464
30.2194
32.9985
29.6481
21.8891
39.0344
33.6311
38.5913
37.0874
30.7987
27.9586
33.13
31.8516
21.951
25.5496
35.3896
31.3195
34.1593
35.6299
27.3562
31.2458
29.3927
26.5746
31.1751
32.9985
38.8917
40.4154
30.9537
39.7744
33.1152
29.1318
21.3421
22.0821
20.9973
27.6849
21.0803
28.1552
27.5223
28.5925
36.6693
27.8017
32.5827
24.1769
35.5041
22.2236
22.2481
21.4127
31.4788
20.0159
1903.1