0.710331
1.53669
1.56136
1.58592
1.61039
2.17738
2.3275
3.27266
3.63398
4.34524
5.03539
5.98522
6.91338
7.80696
7.83163
8.59928
8.62395
9.27016
9.85138
10.6357
11.5314
11.5899
12.21
13.0718
13.7011
14.4973
15.2697
16.0031
16.6348
17.2465
18.4256
19.185
20.0967
21.0347
21.8306
22.5351
23.0616
23.0862
23.8457
24.8739
24.8985
25.7798
27.0973
27.8664
28.2259
29.7265
30.421
30.4456
31.1008
33.6189
34.0892
38.6916
42.0669
42.7121
45.874
51.9397
52.5464
53.1624
53.9637
57.7211
61.3723
62.7792
63.9542
64.7798
68.1583
68.7178
69.5365
70.3287
71.1906
71.8947
72.7551
72.7797
73.6101
74.331
74.909
75.7031
75.8589
77.9076
78.5554
78.58
79.39
80.0724
80.7849
80.8095
81.3631
81.3877
81.9058
82.5318
83.3042
84.0995
84.7435
86.3873
87.1334
87.9558
87.9804
88.867
88.8916
89.4607
89.4853
90.1556
4349.4
