0.97586
0.300423
0.0880617
0.0307034
0.672355
0.38056
2.48
0.618829
2.54538
1.45883
0.820276
1.16926
1.59989
0.0312996
1.11164
0.0299193
1.08491
0.72185
0.961025
1.08088
0.031977
1.23333
5.3197
1.19766
7.91298
8.37358
12.5798
24.4768
14.7674
22.5016
34.404
31.8339
33.7433
26.3734
33.9184
31.6713
32.627
37.3358
44.5289
40.9983
46.8526
43.4391
39.7233
43.7687
52.3756
47.6608
41.7345
43.9368
50.8595
38.8617
36.9199
46.2591
52.6477
48.3262
52.0684
48.0479
44.2148
59.323
50.007
54.341
54.4258
52.9407
53.6389
56.0626
42.1307
44.3848
46.9377
43.8607
46.6152
48.4166
50.8004
52.0966
58.7536
54.9076
57.9241
50.6149
60.9185
60.6336
59.8095
61.4325
59.4758
79.2391
56.548
60.1544
56.182
71.8615
69.4848
70.2681
71.5711
68.162
71.7397
64.1045
62.9131
61.5878
70.3666
60.739
69.1351
68.284
68.0169
67.2997
3789.8