10.5424
9.8376
9.63959
7.94309
7.74039
6.86175
6.31327
6.28758
5.90747
29.0216
28.9342
25.171
21.3516
19.281
19.2265
18.9132
18.8163
16.688
41.4361
40.3469
36.3601
33.0923
32.9421
32.6892
32.4479
32.4358
30.4079
44.9332
44.1651
43.3518
41.073
40.9139
40.8495
40.7691
37.4524
37.1703
68.1339
67.6463
67.33
63.5061
62.9134
62.4752
59.3752
58.8215
58.5617
94.9045
93.7196
93.3324
91.1343
90.8375
86.666
84.6225
84.3757
84.2433
108.103
107.536
107.389
104.112
102.665
101.55
100.818
99.7318
98.0217
114.492
113.146
111.619
109.864
109.351
109.166
109.062
108.585
107.628
121.673
121.265
121.223
120.078
119.658
118.329
118.326
118.062
113.217
158.932
158.824
158.587
158.469
158.251
157.218
156.934
156.761
156.236
173.422
172.291
172.217
170.875
170.576
168.91
168.173
168.083
167.844
168.177
8439.36
