3.87734
4.54552
6.12486
8.27808
31.3096
38.3655
64.4878
74.2694
91.447
122.231
131.434
155.735
173.241
174.817
196.533
196.396
236.8
255.068
275.079
297.05
300.096
316.682
336.694
356.019
389.21
407.208
426.656
445.153
461.608
486.164
505.943
529.659
549.318
570.007
592.795
603.406
605.123
627.527
679.308
679.548
714.946
730.987
749.269
755.716
785.051
800.057
799.861
816.789
844.242
848.831
869.452
890.597
904.254
926.282
950.414
964.937
982.457
1001.48
1014.95
1032.41
1052.02
1070.22
1094.86
1116.72
1149.33
1171.04
1190.08
1208.76
1226.42
1261.45
1262.13
1285.97
1302.42
1319.13
1337.55
1338.09
1363.65
1378.16
1380.48
1401.46
1417.7
1443.42
1448.81
1467.33
1468.26
1481.84
1501.32
1529.38
1548.28
1562.11
1584.29
1599.85
1624.55
1626.81
1654.5
1655.31
1670.39
1673.79
1696.57
1701.32
86054