1.13564
0.292028
0.0311021
0.0507443
5.85342
5.64097
20.7385
20.3241
27.9465
38.8042
39.9482
51.5928
59.1313
58.3124
70.1646
69.3825
76.2591
83.6374
92.4561
101.522
101.825
108.217
119.033
127.325
138.564
146.143
152.259
157.118
165.06
179.549
184.385
194.198
202.193
208.03
214.574
216.819
216.771
236.116
249.488
248.98
259.42
265.331
273.623
274.088
290.227
295.837
295.506
302.068
315.519
314.74
323.4
331.77
336.371
346.063
356.894
362.506
367.444
377.688
382.831
392.204
399.34
405.717
411.669
422.126
426.661
465.952
474.3
479.441
484.336
495.389
495.235
506.278
514.662
522.845
532.04
531.705
546.507
551.385
551.13
561.099
569.089
579.487
578.907
584.513
583.909
588.748
596.892
607.895
615.709
618.804
630.05
636.516
654.395
654.116
666.463
666.05
684.424
684.213
694.613
694.296
33220.3