5.42406
4.71936
4.52134
2.82478
2.62209
1.74346
1.195
1.16934
0.789155
13.7022
13.6148
9.85163
6.03227
3.96173
3.90719
3.59381
3.49692
1.3686
12.7142
11.625
7.63818
4.37036
4.22019
3.96727
3.72597
3.71388
1.68597
9.64655
8.87843
8.06516
5.78632
5.62727
5.56288
5.48248
2.16577
1.88362
10.8952
10.4076
10.0913
6.26732
5.6747
5.23645
2.13651
1.58275
1.32304
13.5045
12.3197
11.9325
9.73437
9.43761
5.2661
3.22258
2.9758
2.84338
16.1722
15.6046
15.4584
12.1813
10.7336
9.61852
8.88692
7.8007
6.09063
14.2484
12.9023
11.375
9.62012
9.10658
8.92173
8.81834
8.34064
7.38375
11.2989
10.8913
10.8493
9.70425
9.28455
7.95517
7.95239
7.68874
2.84316
4.42324
4.31545
4.07868
3.96048
3.74232
2.70968
2.42541
2.25304
1.72741
6.52434
5.39366
5.31964
3.97757
3.67862
2.0123
1.27502
1.18568
0.94654
2.89727
650.727
