0.967309
0.673549
0.489252
0.0275408
0.782439
0.818206
2.56547
0.598815
1.68685
1.2389
0.71089
11.0202
20.9959
19.3429
28.2437
18.9928
28.198
21.6939
30.2334
37.1181
33.7851
36.581
43.2646
47.4962
55.398
51.8213
55.5311
53.8158
58.5648
66.0378
70.2825
68.8897
71.7385
69.5837
68.739
60.8296
68.972
73.1092
81.7287
79.255
87.5609
92.9256
88.0637
89.7979
104.852
97.4968
104.678
107.717
119.073
106.311
130.341
135.274
144.222
139.554
143.653
145.829
146.985
151.43
154.021
163.141
158.697
166.132
173.728
183.048
184.482
186.345
186.104
186.754
187.81
191.097
190.923
195.051
206.618
197.648
201.092
193.302
203.321
202.837
191.293
202.187
199.804
204.921
195.518
207.89
195.147
195.92
198.039
205.54
208.346
205.199
218.645
224.411
230.282
216.672
231.65
230.899
242.808
237.101
247.208
235.7
12014.9