3.12907
20.5291
20.5537
23.9619
23.9864
45.4468
47.1051
64.6553
68.1488
74.0954
90.2137
107.156
148.519
172.83
172.882
181.841
182.098
224.084
240.915
259.284
290.353
313.23
334.23
343.011
346.172
348.995
371.184
384.599
400.457
412.009
449.059
453.453
456.698
458.204
489
500.382
516.104
518.193
538.587
611.117
614.491
636.167
668.025
682.978
683.901
692.473
699.678
702.323
733.664
746.421
759.444
791.803
799.729
802.934
805.148
813.776
815.988
842.009
872.46
906.804
919.016
934.458
957.166
970.82
989.885
1026.21
1045.8
1054.14
1060.53
1061.89
1072.45
1074.76
1097.06
1110.4
1115.22
1131.73
1133.23
1157.94
1161.15
1161.34
1200.39
1234.95
1242.92
1251.54
1257.66
1257.92
1263.69
1273.43
1282.8
1292.13
1311.77
1334.06
1344.23
1368.76
1370.43
1396.81
1398.03
1405.23
1405.6
1424.3
73328.6
