6.10287
5.39805
5.20009
3.50354
3.30085
2.4222
1.87372
1.84809
1.46791
13.8359
13.7486
9.98536
6.166
4.0954
4.04087
3.72748
3.63065
1.50233
13.74
12.6508
8.66395
5.39615
5.24596
4.99311
4.75175
4.73969
2.71177
14.3185
13.5503
12.7371
10.4582
10.2991
10.2348
10.1544
6.83768
6.55553
23.4843
22.9968
22.6804
18.8565
18.2639
17.8256
14.7257
14.1719
13.9122
23.1143
21.9294
21.5422
19.3441
19.0473
14.8758
12.8323
12.5855
12.4531
15.2265
14.6589
14.5127
11.2356
9.78789
8.6728
7.9412
6.85506
5.1449
10.6465
9.30042
7.77305
6.01828
5.50473
5.31988
5.21648
4.73878
3.78185
11.4508
11.0433
11.0012
9.85616
9.43651
8.10707
8.1043
7.84065
2.99507
10.6919
10.5841
10.3473
10.2292
10.0109
8.97833
8.69407
8.52172
7.99607
14.6009
13.4702
13.3963
12.0542
11.7552
10.0889
9.35159
9.26229
9.02313
11.0705
1006.83
