0.979186
0.399976
0.0504016
0.050227
0.785305
0.245597
3.42708
3.12471
6.30335
12.6429
12.3542
19.9402
23.4057
22.7593
28.0555
27.1383
30.2845
34.9527
41.6249
49.9348
49.5796
52.0191
58.8725
60.0866
69.6382
73.2272
75.9484
77.9471
80.9969
94.1687
96.7218
102.375
106.778
110.189
114.432
114.122
113.254
119.656
130.129
129.222
135.553
137.605
140.969
141.012
151.624
155.018
154.26
161.01
172
171.066
175.185
180.151
183.234
189.878
197.244
198.041
200.524
208.468
212.526
218.671
223.126
227.563
232.046
240.218
241.536
246.841
251.829
255.658
257.019
263.727
262.803
269.969
273.539
278.143
295.995
295.249
304.864
307.423
306.832
312.931
317.228
323.033
322.419
325.176
324.315
327.094
332.95
342.368
349.708
352.011
360.095
362.332
369.095
368.532
378.935
378.025
380.029
379.108
385.613
384.691
18041.9