0.710654
1.52474
1.54941
1.57397
1.59849
2.73575
2.93197
3.98214
4.4172
5.21544
6.01769
6.75085
7.72033
8.40927
8.43393
9.20408
9.22875
9.8147
10.4101
11.1848
13.3308
13.4402
14.0693
17.4543
18.0885
20.7931
26.6375
30.8086
31.4609
32.1754
44.5487
45.455
48.0414
49.5023
51.5045
52.4294
53.2212
53.2802
57.3297
66.0326
66.0702
68.2135
68.9833
71.2302
71.5778
75.8143
76.521
76.5457
77.164
79.2583
79.283
80.7563
82.2269
82.8813
85.5255
89.1437
89.7556
90.5014
92.2841
92.9863
94.8815
95.4862
96.355
97.1611
100.399
100.955
101.799
102.604
103.48
104.195
108.636
108.661
113.018
113.863
114.868
116.741
116.903
124.278
124.94
124.965
127.266
134.476
138.905
138.929
139.478
139.503
140.029
140.675
142.822
144.798
145.45
149.132
149.87
151.675
151.7
153.174
153.199
153.768
153.793
154.464
7517.04
