1.26659
2.44395
2.50259
3.17275
3.57708
15.6291
16.1304
28.1026
28.5679
30.736
33.9813
35.4844
57.5501
64.7839
64.8087
71.7486
71.7732
80.8385
84.9139
97.6633
124.778
125.811
134.837
145.088
150.59
155.835
162.848
164.861
168.618
173.281
184.789
185.69
188.705
190.274
198.412
201.792
206.983
207.009
214.913
244.968
244.993
250.657
264.701
272.992
273.345
279.849
286.612
286.636
295.832
307.519
309.002
325.077
331.13
334.587
338.503
346.665
347.272
359.565
373.265
383.153
391.472
396.518
439.073
448.956
455.299
460.486
476.469
484.994
490.749
491.895
494.49
494.873
501.815
503.416
505.128
512.5
512.658
518.522
519.16
519.55
533.708
548.314
554.343
554.367
555.084
556.247
558.891
562.213
567.751
573.497
577.666
598.878
602.31
612.325
612.372
631.217
637.007
643.1
643.188
649.336
31927
