1.07803
0.892089
0.894322
0.59082
17.0366
17.6737
38.4209
42.7992
55.81
69.5381
74.3863
95.3451
106.323
106.199
124.082
123.74
135.371
145.919
169.02
184.905
184.432
197.009
211.987
220.843
236.302
249.14
258.278
269.857
280.811
299.416
307.64
320.847
362.631
372.69
386.268
392.321
393.425
410.9
427.627
428.158
446.979
455.96
467.22
469.523
488.447
499.161
505.042
517.478
546.831
547.352
561.128
573.52
583.091
600.118
614.425
626.709
634.318
649.913
658.682
673.107
686.659
701.416
716.118
731.675
739.187
753.599
770.655
783.902
792.473
813.372
813.341
829.829
842.205
853.08
867.191
867.07
917.204
925.815
925.303
939.697
967.94
980.703
981.387
993.006
993.565
1002.9
1014.3
1028.27
1039.1
1053.98
1069.08
1079.51
1093.38
1092.65
1111.61
1112.04
1123.88
1126.63
1147.18
1147.14
56267.7