1.41388
0.0299761
0.525547
0.0304334
0.868775
0.266506
1.74865
0.640306
2.34612
1.65745
1.82429
1.47775
0.905492
0.032637
1.2284
0.0295516
1.25664
0.830537
1.20488
1.48235
0.0416051
0.961022
2.10253
0.966764
2.02705
1.15292
0.959463
0.946666
0.846711
1.29344
1.28146
1.60475
2.01687
2.35867
0.937403
0.9902
0.0380024
1.07837
1.59977
0.0414497
1.31781
1.26507
0.873831
0.608497
1.3329
0.875147
0.158686
0.734818
2.05714
0.0326981
5.15687
12.0955
3.20258
11.3321
10.3569
12.2836
14.7725
10.7613
9.69204
21.1667
27.982
26.4858
21.5595
20.2776
7.80852
20.6292
9.55628
26.9702
17.7743
15.8207
19.3967
14.9511
18.2441
14.3211
14.7899
15.4353
19.0741
16.1274
20.0394
17.8776
8.94998
4.96109
4.86895
5.47146
4.5192
9.85634
4.44993
12.0045
8.0287
8.70719
4.56754
6.44825
6.80605
3.65461
2.96306
1.31226
1.84316
2.68624
2.82325
1.29022
634.455