7.72978
7.02504
6.82702
5.13046
4.92777
4.04914
3.50063
3.47502
3.09479
17.0928
17.0055
13.2422
9.42288
7.35228
7.29775
6.98442
6.88754
4.75921
26.0121
24.9229
20.9361
17.6683
17.5181
17.2652
17.0239
17.0118
14.9839
26.0796
25.3115
24.4982
22.2194
22.0603
21.9959
21.9155
18.5988
18.3167
38.8095
38.3219
38.0056
34.1817
33.589
33.1508
30.0509
29.4971
29.2374
41.8156
40.6308
40.2436
38.0454
37.7487
33.5772
31.5337
31.2869
31.1545
41.1465
40.5789
40.4328
37.1556
35.7079
34.5928
33.8612
32.775
31.0649
53.4155
52.0694
50.5421
48.7873
48.2737
48.0889
47.9855
47.5078
46.5509
63.6771
63.2695
63.2275
62.0825
61.6627
60.3334
60.3305
60.0669
55.2213
58.8077
58.6999
58.4631
58.345
58.1268
57.0941
56.8099
56.6375
56.1119
60.4719
59.3412
59.2672
57.9251
57.6262
55.9598
55.2226
55.1333
54.8941
54.6028
3550.97
