6.81425
6.1095
5.91148
4.21487
4.01223
3.13358
2.58513
2.55948
2.17929
15.848
15.7606
11.9974
8.17805
6.10747
6.05291
5.7396
5.64272
3.51435
19.7887
18.6995
14.7127
11.4449
11.2947
11.0418
10.8005
10.7884
8.76051
18.887
18.1188
17.3056
15.0268
14.8677
14.8033
14.7229
11.4062
11.1241
25.6408
25.1532
24.8369
21.013
20.4203
19.9821
16.8821
16.3283
16.0687
24.6302
23.4453
23.0581
20.86
20.5633
16.3917
14.3482
14.1014
13.969
24.9198
24.3522
24.206
20.9289
19.4812
18.3661
17.6345
16.5484
14.8382
25.8964
24.5504
23.023
21.2682
20.7547
20.5698
20.4664
19.9887
19.0318
32.1733
31.7657
31.7237
30.5787
30.159
28.8296
28.8268
28.5631
23.7176
33.7921
33.6844
33.4476
33.3294
33.1112
32.0786
31.7943
31.622
31.0963
39.3401
38.2095
38.1355
36.7934
36.4944
34.8281
34.0908
34.0015
33.7624
35.3341
2025.76
