0.981358
0.306063
0.0933936
0.0297123
0.674048
0.189462
2.39871
0.941391
1.53873
1.19346
0.777141
1.37365
0.840302
0.0367925
1.05903
0.031206
1.0172
0.679385
0.894942
1.16989
0.0391748
0.8826
2.10189
0.952219
2.0647
1.14466
0.937434
0.946244
1.02815
1.44271
1.21184
2.4079
1.88643
1.33952
0.933187
0.984087
0.0293062
1.07359
1.27474
0.0388539
1.11864
1.08763
0.883101
0.628827
1.46362
0.942894
0.289159
0.844722
0.922874
0.034907
0.727968
1.0554
1.19661
1.5684
2.70789
1.62277
1.09779
0.95988
0.795289
1.1396
3.41632
4.26916
1.53258
9.41024
9.05565
10.2288
26.4053
17.8061
20.1749
13.6126
7.37291
16.8794
16.7678
8.00013
16.7349
4.54436
13.0349
23.0144
21.3716
15.2786
7.43727
5.63963
4.66147
4.40932
3.90685
6.45007
5.11315
8.30456
4.29216
8.44035
4.09712
5.51444
3.47663
2.98777
4.67284
2.17502
1.00476
2.98834
2.32427
1.16639
408.006