0.981697
0.291192
0.108669
0.0291868
0.759535
0.231965
1.73202
0.61235
1.76802
2.24063
0.700984
1.10307
0.919843
0.0389985
7.81087
0.0281669
8.88213
14.6994
19.1014
26.6937
22.9706
25.724
34.4388
22.97
30.5169
32.4406
34.444
34.4228
31.7836
48.4878
41.4429
40.8855
46.4555
41.8418
32.4062
44.0521
43.3983
46.016
50.9696
49.0568
57.3289
61.0991
59.1387
53.864
62.5003
55.918
61.4552
62.8858
67.6075
58.5884
71.6299
66.3023
64.2688
68.8257
72.8476
63.1155
61.8393
76.2018
88.9106
87.4216
81.7389
91.5781
91.3946
94.1868
93.7385
95.883
92.3265
95.4983
92.0141
94.6429
88.3873
97.028
104.435
101.617
109.095
109.174
117.065
117.65
116.051
118.917
122.466
138.729
122.856
130.912
122.509
138.348
139.953
145.153
147.335
141.4
153.246
154.353
149.216
141.942
151.82
139.946
140.333
139.128
149.508
137.728
6974.51