1.5364
3.10118
3.2217
4.92145
4.94601
20.8577
22.3976
36.6871
37.4182
41.2712
49.9805
59.9013
92.1454
109.754
109.779
116.599
116.624
120.591
126.437
139.947
174.502
178.149
191.65
202.056
205.282
209.495
225.417
238.618
247.384
254.985
279.206
283.951
287.883
289.647
336.527
345.8
349.102
349.503
356.98
380.795
381.413
387.865
403.467
412.304
415.846
430.501
443.696
444.917
465.384
479.298
492.623
514.442
521.632
524.53
527.327
541.774
545.884
563.506
582.112
595.234
612.597
629.556
648.673
657.982
667.202
672.329
692.65
705.852
711.978
713.355
720.9
726.273
741.333
749.96
753.695
774.729
774.877
794.791
797.191
797.216
863.267
893.884
900.311
900.353
903.601
903.625
914.917
918.213
923.48
928.041
944.066
964.207
967.3
973.816
973.84
993.166
996.455
1004.29
1004.32
1025.1
49518.2
