0.711214
2.09586
2.12053
2.43519
2.45979
3.13309
3.32625
4.37142
4.80525
5.58826
6.38497
12.3374
29.5622
35.4352
35.4598
37.9902
38.0149
39.1838
40.3654
48.4556
64.4245
64.6027
68.9602
75.0335
75.8106
79.1338
80.5194
81.2304
82.2883
87.1625
103.965
105.881
109.29
110.964
114.39
115.113
117.093
117.315
125.048
144.417
144.442
150.13
164.612
169.943
170.275
175.931
176.621
176.778
181.312
190.014
192.934
203.836
208.932
210.692
214.408
218.26
218.864
222.545
226.554
227.518
230.236
233.425
235.774
236.954
243.75
245.034
252.457
255.999
258.277
258.973
262.638
263.366
272.332
274.851
276.858
281.249
281.41
288.707
289.354
289.379
311.116
316.948
321.249
321.274
321.821
321.898
323.222
325.607
329.793
332.865
343.053
356.296
358.459
365.491
365.516
372.821
372.913
373.511
373.535
380.899
18240.8
