0.99081
0.301499
0.117644
0.0307014
0.795278
0.241166
2.16003
0.603623
1.19564
2.97235
2.402
1.19001
1.04162
0.0484789
1.04647
0.0298914
1.49969
5.21816
11.9747
16.0342
12.9344
32.3012
25.6248
16.6536
30.8935
28.3801
29.2515
37.7577
30.6871
38.8181
33.1184
31.1979
32.4828
33.2294
34.203
33.5326
31.7374
36.0741
40.9815
28.8729
37.6675
37.6299
36.6881
35.129
45.526
39.9585
35.1319
44.2789
47.3766
42.0255
50.2683
59.6916
54.6696
53.8121
58.8178
53.5154
48.8004
61.242
56.9892
61.2351
71.6131
70.1348
64.2945
70.9537
57.6175
62.1434
57.8
63.4164
61.7949
61.3171
66.5894
69.72
74.0228
72.1531
76.3764
67.8956
81.6222
84.7407
80.5327
86.8741
86.9209
89.1894
82.5508
84.2768
82.2054
88.8118
88.1227
90.3504
95.2756
87.5618
91.8226
95.3585
100.58
99.5389
114.245
98.6111
101.19
97.7628
105.432
96.3625
4906.86