0.70265
1.50336
1.52797
2.01803
2.04255
2.95011
3.1554
4.18097
4.6236
5.40101
6.1913
6.69387
9.37313
18.486
18.5106
21.669
21.6936
26.8138
29.5717
37.7282
45.2333
45.4396
46.7531
50.7358
51.3601
53.8886
57.6347
58.9206
59.5583
61.0738
68.0498
68.7955
70.5994
71.7574
72.5261
74.8072
75.8222
75.8469
78.6281
92.0256
92.0502
99.336
100.463
101.558
101.896
105.608
108.371
108.396
109.008
113.262
113.316
114.823
116.368
117.013
119.841
123.572
124.173
128.501
138.114
140.51
144.185
147.713
150.016
151.144
158.033
158.592
159.87
160.82
162.008
162.713
163.974
164.055
171.101
173.074
177.098
181.646
181.806
190.855
191.494
191.519
198.712
213.257
219.165
219.19
219.726
219.751
220.918
223.191
226.881
229.524
230.721
235.772
236.507
238.805
238.829
240.511
240.535
241.116
241.141
241.799
11698.2
