15.7638
15.0591
14.861
13.1645
12.9618
12.0832
11.5347
11.5091
11.1289
47.525
47.4377
43.6744
39.8551
37.7845
37.73
37.4166
37.3197
35.1914
55.2673
54.1781
50.1913
46.9234
46.7733
46.5204
46.2791
46.267
44.239
78.5716
77.8034
76.9902
74.7113
74.5523
74.4878
74.4075
71.0908
70.8086
104.382
103.895
103.579
99.7547
99.162
98.7238
95.6238
95.0701
94.8103
118.229
117.044
116.657
114.459
114.162
109.991
107.947
107.7
107.568
143.975
143.408
143.261
139.984
138.537
137.422
136.69
135.604
133.894
148.922
147.576
146.049
144.294
143.78
143.595
143.492
143.014
142.057
174.861
174.454
174.412
173.267
172.847
171.518
171.515
171.251
166.406
172.834
172.727
172.49
172.372
172.153
171.121
170.837
170.664
170.139
200.518
199.388
199.314
197.972
197.673
196.006
195.269
195.18
194.94
194.736
11123.2
