4.20124
8.73221
8.74647
8.80017
8.80755
12.6869
21.167
26.2961
29.0645
33.1575
37.7533
40.4458
45.1666
49.3614
49.3691
67.2056
67.2133
81.3147
84.9243
89.1533
93.9966
94.0917
109.634
114.079
117.456
122.04
126.33
130.514
134.198
137.923
143.382
147.6
152.277
156.954
161.252
165.341
168.467
168.49
172.449
177.576
177.595
182.162
186.13
190.23
192.553
197.273
201.368
201.386
204.714
223.101
223.155
226.957
231.022
234.431
238.923
244.001
247.761
251.32
255.56
259.456
263.93
267.996
272.227
276.364
281.333
284.846
289.295
293.764
298.213
301.976
306.496
306.523
311.005
315.007
318.844
323.229
329.803
334.816
338.576
338.584
342.837
346.941
351.213
351.224
365.512
365.52
368.287
371.712
375.854
380.221
383.903
388.913
392.968
397.685
397.693
402.576
402.607
405.86
405.867
409.786
21596.7
