4.03033
8.36689
8.37437
8.38153
8.3886
12.3358
20.6807
25.7212
28.4057
32.4179
36.9072
39.5269
44.0954
48.1659
48.1734
65.5936
65.6011
79.3931
82.9194
87.0264
91.7921
91.806
106.921
111.28
114.605
119.092
123.263
127.349
130.938
134.588
139.909
144.051
148.631
153.242
157.369
161.362
164.395
164.403
168.298
173.255
173.262
177.74
181.599
185.629
187.852
192.496
196.498
196.505
199.718
217.666
217.673
221.371
225.364
228.705
233.102
238.04
241.714
245.133
249.269
253.057
257.404
261.356
265.472
269.504
274.359
277.79
282.095
286.456
290.812
294.51
298.925
298.933
303.33
307.257
310.992
315.185
321.689
326.567
330.239
330.246
334.289
338.154
342.347
342.355
356.302
356.309
359.02
362.375
366.42
370.671
374.236
379.108
383.086
387.703
387.711
392.468
392.476
395.66
395.668
399.458
21062.4
