4.24782
8.65392
8.68385
8.79011
8.80822
12.6563
21.0785
26.1824
28.8962
32.9546
37.5027
40.1565
44.8278
48.9587
48.9662
66.6635
66.671
80.6696
84.2547
88.4395
93.222
93.2646
108.627
113.052
116.404
120.947
125.177
129.312
132.965
136.667
142.025
146.22
150.867
155.533
159.753
163.799
166.896
166.904
170.847
175.916
175.924
180.472
184.416
188.479
190.741
195.451
199.506
199.514
202.814
221.009
221.068
224.839
228.875
232.255
236.716
241.725
245.465
248.939
253.156
257.005
261.423
265.433
269.641
273.752
278.677
282.172
286.562
291.005
295.434
299.169
303.655
303.675
308.128
312.111
315.898
320.169
326.712
331.646
335.376
335.391
339.498
343.433
347.673
347.681
361.84
361.856
364.604
368.013
372.128
376.461
380.055
385.058
389.093
393.776
393.788
398.623
398.645
401.893
401.909
405.763
21392.7
