4.16772
8.73515
8.74275
8.75002
8.75716
12.7485
21.4354
26.5308
29.2634
33.3226
37.8742
40.6681
45.2761
49.4038
49.4113
67.0879
67.0955
81.0855
84.6577
88.8424
93.5802
93.6092
108.97
113.391
116.74
121.305
125.526
129.647
133.279
136.989
142.347
146.536
151.194
155.846
160.03
164.086
167.16
167.168
171.104
176.13
176.137
180.676
184.67
188.739
190.995
195.691
199.734
199.741
202.995
221.208
221.232
224.988
229.017
232.397
236.854
241.849
245.571
249.037
253.238
257.091
261.498
265.514
269.676
273.763
278.686
282.158
286.52
290.94
295.356
299.095
303.567
303.574
308.025
311.993
315.787
320.048
326.594
331.534
335.268
335.275
339.345
343.245
347.491
347.499
361.61
361.618
364.342
367.747
371.846
376.176
379.782
384.71
388.752
393.422
393.429
398.244
398.252
401.496
401.503
405.339
21401.1
