4.14241
3.55468
3.36585
1.79085
5.0889
5.55504
9.58676
8.68195
14.1735
13.1978
16.5829
17.9851
18.6896
16.7432
20.3547
20.0695
23.275
24.7054
28.0183
31.5232
27.7526
27.7129
31.8031
30.5093
35.6453
35.2299
37.8105
41.0917
44.1305
48.0965
50.0847
54.3069
54.1
53.6902
54.9692
57.9215
56.8897
60.0904
63.9923
60.4088
63.9719
67.5672
68.3707
70.333
74.4458
73.6943
73.3037
75.8618
78.4097
78.1494
77.4356
79.4344
82.6333
83.2145
83.4639
86.7317
90.1973
91.0611
93.56
96.708
100.025
103.013
105.327
109.2
111.447
114.249
116.853
120.685
124.138
124.504
124.095
127.241
130.427
133.893
133.95
133.844
137.62
139.879
136.394
143.618
142.874
143.074
143.015
146.085
142.716
148.6
151.005
154.892
158.957
162.026
164.375
167.237
171.896
170.669
174.618
173.032
175.261
172.277
178.779
177.696
8491.36