4.162
8.57438
8.58209
8.7578
8.76513
12.6173
21.0836
26.2068
28.939
33.0188
37.5808
40.2694
45.0021
49.1754
49.1831
67.0183
67.026
81.0629
84.658
88.8517
93.6214
93.6397
109.097
113.537
116.9
121.485
125.732
129.882
133.554
137.279
142.666
146.89
151.564
156.249
160.463
164.544
167.637
167.644
171.605
176.688
176.696
181.27
185.202
189.281
191.547
196.268
200.338
200.345
203.63
221.976
221.985
225.77
229.821
233.221
237.687
242.72
246.467
249.952
254.174
258.037
262.471
266.511
270.704
274.823
279.769
283.267
287.669
292.117
296.563
300.335
304.828
304.839
309.319
313.328
317.141
321.412
327.982
332.949
336.691
336.699
340.805
344.747
349.015
349.023
363.253
363.261
366.027
369.447
373.585
377.926
381.545
386.523
390.566
395.271
395.278
400.118
400.126
403.381
403.388
407.263
21477.6
