4.23258
0.0251599
0.0250424
1.86194
5.34964
5.92852
9.74373
6.78059
7.34436
7.54617
6.94377
10.0481
10.4331
8.4297
12.2453
8.07883
11.4113
13.4489
12.9051
16.4738
12.5397
12.6481
13.2477
12.1784
12.8884
13.7803
15.9027
14.8767
15.1086
19.1829
17.498
16.2137
16.0762
16.8478
12.4095
16.8578
15.8406
19.1259
19.5328
15.8056
19.2432
22.5184
20.1691
18.3294
19.1835
18.7008
18.2134
20.9789
19.9739
15.3393
20.5114
17.225
16.5287
17.1131
18.6973
16.0295
15.7259
18.8112
21.0753
20.2914
19.389
22.5644
22.0202
20.6215
23.4406
22.4261
20.8189
21.3138
19.5316
20.9134
15.296
23.9603
27.374
26.756
31.0543
30.9699
33.8765
36.3319
32.5725
36.2145
35.3549
34.8667
30.9486
34.0173
30.5938
33.1205
36.3878
36.6927
36.6512
35.5824
38.329
36.6462
38.2951
31.0901
35.1918
29.1249
31.4652
28.3027
31.862
26.8812
2021.32