4.26982
3.62871
3.49484
1.83285
5.49697
6.08412
10.2587
8.34813
13.7573
14.0591
12.3855
14.6428
15.121
13.0959
16.8805
16.6141
19.8561
21.3029
20.8382
24.4197
20.5105
20.5865
21.2009
24.2574
28.0622
27.7407
29.7762
29.0206
32.362
36.3806
38.2851
38.3148
39.3931
37.7039
39.996
38.7781
38.7029
41.7993
45.9722
42.2556
45.7528
48.958
49.7441
51.6474
53.2976
52.7343
52.1785
54.8956
57.2173
56.9587
56.4642
58.2062
57.3143
61.6532
62.0512
65.217
64.7163
65.8148
68.2147
71.3391
74.6968
77.8026
80.149
83.89
81.4555
85.2124
87.7103
91.5625
94.9661
95.331
90.8611
98.2881
101.541
101.04
101.182
101.155
104.098
101.917
98.3257
106.406
105.546
105.283
101.132
104.125
100.788
107.396
109.777
109.989
109.843
112.892
115.154
117.901
118.248
116.947
120.912
119.319
121.706
121.65
124.972
120.267
6193.3