3.72903
3.05101
2.90237
1.3049
4.93779
5.48912
9.65805
7.8276
13.1396
13.3526
16.0141
16.7576
17.3089
15.3003
18.915
18.6431
21.8434
23.4407
26.7758
30.4183
26.5483
26.6083
27.1858
30.2173
34.2705
33.9068
36.236
39.5823
42.6349
46.6829
48.6281
52.8688
52.6134
52.3092
53.5427
56.4359
55.4016
58.643
59.0656
55.3459
58.6735
57.8097
59.1819
61.042
65.2837
64.6281
64.1711
66.7201
69.1579
68.8971
68.0498
70.0651
73.0897
73.5547
73.8983
76.8295
79.7574
80.6685
83.0953
86.2749
89.8069
92.875
95.2121
99.0344
101.265
104.115
106.802
110.547
114.121
114.461
114.022
116.795
120.258
123.662
123.842
123.971
126.979
129.023
125.714
129.024
128.284
128.286
124.035
131.505
131.439
133.859
136.271
136.437
136.378
139.452
141.875
144.588
144.997
143.711
147.575
145.978
148.208
145.203
148.457
147.4
7605.85