4.19921
8.72345
8.73099
8.80984
8.81702
12.7008
21.1573
26.2546
28.9891
33.052
37.6234
40.3522
45.1314
49.355
49.3652
67.0432
67.0537
81.3122
84.9809
89.2821
94.2044
94.3692
109.874
114.298
117.643
122.199
126.491
130.646
134.327
138.056
143.53
147.725
152.378
157.038
161.351
165.405
168.507
168.554
172.582
177.802
177.88
182.464
186.512
190.61
192.874
197.566
201.647
201.672
205.079
223.302
223.505
227.319
231.353
234.737
239.183
244.213
247.941
251.536
255.806
259.705
264.136
268.169
272.4
276.535
281.479
285.027
289.438
293.872
298.287
302.031
306.542
306.595
311.106
315.114
318.909
323.204
329.788
334.791
338.502
338.521
342.804
346.93
351.191
351.215
365.307
365.317
368.066
371.506
375.615
379.943
383.667
388.652
392.701
397.447
397.482
402.361
402.402
405.627
405.657
409.549
21602.7
