4.15026
8.82001
8.82757
8.8735
8.88083
12.7034
21.1318
26.2204
28.9397
32.9942
37.5358
40.2968
44.9116
49.0446
49.0522
66.7106
66.7182
80.6592
84.2339
88.4122
93.1774
93.1972
108.541
112.944
116.291
120.846
125.051
129.179
132.826
136.525
141.904
146.093
150.745
155.407
159.601
163.637
166.734
166.75
170.696
175.718
175.725
180.278
184.216
188.267
190.527
195.221
199.265
199.279
202.544
220.746
220.779
224.533
228.558
231.933
236.387
241.383
245.105
248.579
252.77
256.6
261.003
265.005
269.164
273.25
278.187
281.664
286.309
290.779
295.215
298.976
303.467
303.503
307.962
311.967
315.771
320.041
326.602
331.569
335.306
335.313
339.44
343.371
347.635
347.643
361.861
361.872
364.623
368.051
372.17
376.51
380.155
385.128
389.177
393.884
393.891
398.754
398.768
402.016
402.024
405.907
21381.6
