4.3591
0.0235207
0.0234408
0.0240221
3.93341
1.42899
4.74673
3.81725
4.41613
6.3213
6.35348
7.30943
4.17284
2.15366
5.86702
1.79853
4.9389
6.93241
7.54197
5.8561
0.032748
3.66327
4.27691
3.35477
4.46186
4.98118
4.03378
3.49642
3.83191
6.26497
5.28201
4.41401
4.20473
3.89892
4.01011
3.62514
0.0247323
3.79066
4.54487
0.0249435
4.15966
3.57342
4.52997
3.19643
5.55149
3.77653
0.0233994
3.1891
6.6484
1.53675
5.8516
4.0148
3.37051
5.12037
4.44455
8.12577
7.69663
4.99787
4.57748
7.78684
6.82868
6.84361
3.95426
4.5336
3.41271
4.20729
4.31171
4.79668
3.82683
4.84436
0.0242885
4.35744
5.05849
3.8068
4.13234
1.01949
5.55737
3.49348
0.023524
3.67498
3.99081
4.61696
0.0358748
3.51748
0.0348108
3.30386
3.53101
3.99295
5.24773
3.54979
4.77299
4.72489
4.53534
0.0365038
4.61382
0.0385473
3.25467
0.036976
3.68661
0.0497157
382.687