4.25445
0.023207
0.0242846
0.0316055
3.59284
4.72761
6.87031
5.1023
5.75981
7.17912
6.0871
7.71896
9.23673
1.91678
5.78924
1.54892
4.80685
3.6135
3.8825
4.43315
0.483047
3.47777
4.12945
3.25897
5.47579
3.77694
7.22168
10.5061
9.82818
11.0475
12.8611
12.8131
12.7242
13.6047
14.2974
13.1442
12.9696
16.2306
16.6714
12.9217
16.4749
15.5387
12.6462
15.6025
16.6054
15.9964
10.9773
13.7448
12.8084
8.07961
8.26446
10.3808
9.44501
11.0911
10.4416
8.9156
9.53064
11.1803
9.4276
8.78984
7.83278
7.49815
5.43942
4.75835
4.44372
4.31334
4.96973
3.99858
3.70921
4.09723
3.75008
7.19828
11.652
10.0073
10.1126
6.15652
9.20552
12.2686
8.34395
13.1956
12.0784
12.3297
7.68706
12.0051
7.3435
10.8031
9.56883
9.99174
11.1352
8.88036
7.45911
6.29263
6.39794
3.53243
7.80861
1.77634
4.81886
1.03835
4.60821
0.0392374
808.53