3.95237
3.46378
3.28128
1.64471
5.26927
2.0953
5.84991
2.96176
4.87777
6.67999
5.83114
7.03606
6.97984
4.97523
8.73631
4.65312
7.91735
9.76047
9.3523
13.0491
9.12607
9.38452
9.80501
9.1289
9.51636
10.5762
7.11253
7.06898
10.9998
14.7665
16.5078
16.7599
16.8638
16.1918
17.5138
16.2016
16.1867
19.3553
19.7373
15.9647
19.4967
23.0254
23.9137
22.6004
23.7614
23.0031
17.9917
25.1383
27.5506
22.7137
27.0904
29.9441
28.3343
28.9441
30.569
27.6634
27.1715
31.4099
29.2644
27.9042
27.2521
30.9985
29.0803
28.8593
31.258
33.5116
36.1341
35.3909
34.7584
36.7598
36.3106
40.5517
38.4439
38.0237
38.233
39.5221
42.4884
46.2252
41.193
44.5872
44.6492
44.6773
40.2196
43.4317
39.8597
47.687
50.0071
50.1934
50.3169
49.8727
52.0556
54.7832
55.0241
53.7472
57.9578
56.3384
58.8936
55.5842
59.0509
57.9325
2656.49