2.94139
6.57129
10.5193
12.6269
17.5244
45.5178
63.1443
48.3045
80.6401
70.8183
65.5755
100.447
136.757
151.265
163.237
183.404
192.948
218.656
233.488
258.344
262.575
299.682
296.101
320.866
339.888
352.696
361.903
371.315
373.649
375.791
416.248
393.121
424.561
376.1
424.816
457.479
503.378
478.29
519.608
557.322
571.441
572.863
609.549
611.794
624.536
637.275
653.786
639.975
687.245
713.713
756.263
759.668
763.249
800.127
765.374
824.95
801.942
848.752
896.204
923.824
937.752
937.885
981.801
993.343
1015.41
1028.02
1059.87
1061.53
1086.72
1099.73
1065.3
1099.51
1114.16
1101.15
1133.63
1171.66
1161.8
1134.63
1154.76
1182.69
1221.47
1245.97
1263.88
1281.37
1231.31
1283.72
1285.9
1304.53
1303.21
1313.83
1340.31
1356.66
1344.61
1387.65
1395.63
1441.43
1454.06
1489.54
1507
1490.85
72894.9