6.36629
8.41423
13.7024
31.9915
40.8327
69.5765
93.8995
72.791
119.637
105.352
122.238
173.914
234.159
267.482
285.388
307.599
314.73
328.308
358.059
386.573
395.218
449.826
443.42
470.877
487.339
499.865
538.389
575.321
585.726
594.081
659.537
672.16
686.081
664.73
698.753
761.349
796.305
808.861
827.329
871.059
897.088
873.598
932.409
936.029
975.819
996.76
1035.28
1039.86
1092.2
1121.64
1172.58
1187.32
1203.53
1233.01
1189.09
1268.11
1270.58
1306.83
1357.27
1393.9
1427.42
1428.88
1482.87
1493.82
1523.44
1536.86
1573.38
1589.34
1618.43
1633.09
1636.78
1639.75
1670.72
1673.31
1706.66
1771.15
1753.82
1774.68
1814.37
1798.89
1884.24
1952.06
1965.68
1985
1989.71
1995.09
2005.55
2026.41
2025.12
2035.26
2088.93
2108.16
2095.16
2136.53
2119.29
2176.53
2197.12
2233.75
2220.42
2249.12
112347