6.57474
5.86998
5.67196
3.97535
3.77268
2.89404
2.34562
2.31996
1.93978
21.951
21.8636
18.1004
14.281
12.2105
12.156
11.8426
11.7457
9.61742
33.6754
32.5862
28.5994
25.3316
25.1815
24.9286
24.6872
24.6752
22.6473
34.0626
33.2945
32.4812
30.2023
30.0433
29.9789
29.8985
26.5818
26.2996
63.7285
63.2409
62.9246
59.1007
58.508
58.0698
54.9699
54.4161
54.1564
77.926
76.7411
76.3539
74.1558
73.859
69.6875
67.644
67.3972
67.2648
88.6688
88.1012
87.955
84.678
83.2302
82.1151
81.3835
80.2974
78.5872
97.6254
96.2794
94.7521
92.9973
92.4837
92.2988
92.1954
91.7177
90.7608
101.277
100.87
100.828
99.6828
99.2631
97.9337
97.9309
97.6672
92.8216
112.051
111.943
111.706
111.588
111.37
110.337
110.053
109.88
109.355
117.375
116.244
116.17
114.828
114.529
112.862
112.125
112.036
111.797
121.095
6496.18
