12.5175
11.8127
11.6147
9.91815
9.71546
8.83675
8.28837
8.2627
7.88247
34.552
34.4646
30.7014
26.882
24.8114
24.7569
24.4436
24.3467
22.2184
53.0395
51.9503
47.9635
44.6956
44.5455
44.2926
44.0513
44.0393
42.0113
70.0213
69.2532
68.4399
66.161
66.002
65.9376
65.8572
62.5405
62.2584
107.012
106.524
106.208
102.384
101.791
101.353
98.2531
97.6994
97.4397
148.319
147.134
146.746
144.548
144.252
140.08
138.037
137.79
137.657
162.776
162.208
162.062
158.785
157.337
156.222
155.491
154.405
152.694
184.216
182.87
181.342
179.587
179.074
178.889
178.786
178.308
177.351
195.139
194.732
194.69
193.545
193.125
191.796
191.793
191.529
186.684
214.837
214.729
214.492
214.374
214.156
213.123
212.839
212.667
212.141
233.63
232.5
232.426
231.084
230.785
229.118
228.381
228.292
228.053
237.987
12563.4
