1.97666
2.47947
4.54705
5.38665
9.21881
3.40151
5.67612
6.70008
9.34857
11.7723
10.4091
15.6314
9.64387
13.4402
15.2218
20.0035
17.3368
26.2842
23.5296
20.1387
13.7408
41.3273
48.2681
51.8705
46.5578
29.9711
23.0192
19.279
20.0147
15.6257
25.9015
21.4577
28.4076
19.2589
32.5288
34.5264
26.6828
28.1271
37.9275
40.4689
37.7944
24.66
42.4762
45.8853
47.3847
44.3586
38.7398
36.4097
47.8734
50.6007
83.1551
50.0907
51.2105
72.8385
48.5553
95.659
82.0459
80.268
85.8555
120.441
152.757
90.9274
160.564
110.835
112.108
93.0363
99.54
84.9444
103.93
147.88
145.383
102.713
110.547
106.358
124.456
117.676
125.472
124.927
127.161
143.938
154.629
145.927
126.919
124.387
136.889
129.601
134.444
142.242
157.468
139.186
156.253
136.609
133.939
150.038
144.756
145.667
141.23
137.536
152.704
144.424
7243.41