1.672
5.01298
7.48812
22.633
12.4539
17.4723
18.6466
9.65016
14.4039
12.0459
19.3463
51.9536
73.0641
84.8034
106.121
113.74
101.869
120.891
127.589
137.788
136.229
172.484
151.913
184.278
180.758
198.698
169.185
188.682
198.557
200.016
258.295
220.073
248.41
258.564
257.874
268.217
297.753
306.575
324.946
357.736
377.161
379.187
425
391.353
430.442
419.217
425.094
430.762
453.68
472.089
506.81
532.701
507.273
523.826
505.927
530.813
507.135
537.993
563.54
548.651
563.453
564.077
575.841
562.628
587.707
592.845
630.219
593.749
616.303
639.814
642.122
643.098
668.405
642.885
688.879
709.201
698.459
709.575
722.476
712.463
759.298
785.804
784.278
780.237
757.007
788.49
790.011
802.636
812.883
800.765
845.999
847.391
846.331
858.307
848.055
884.329
887.342
915.315
904.687
916.292
44486.2