14.9021
14.1974
13.9994
12.3028
12.1002
11.2215
10.673
10.6474
10.2672
41.9814
41.8941
38.1309
34.3115
32.2409
32.1864
31.8731
31.7761
29.6478
60.8011
59.7119
55.7251
52.4573
52.3071
52.0542
51.8129
51.8008
49.7729
76.1338
75.3657
74.5524
72.2736
72.1145
72.0502
71.9698
68.6531
68.3709
103.653
103.166
102.849
99.0253
98.4326
97.9944
94.8944
94.3407
94.081
129.444
128.259
127.872
125.674
125.377
121.206
119.162
118.915
118.783
159.781
159.214
159.068
155.79
154.343
153.228
152.496
151.41
149.7
171.085
169.739
168.211
166.456
165.943
165.758
165.655
165.177
164.22
201.126
200.718
200.676
199.531
199.111
197.782
197.779
197.515
192.67
213.398
213.291
213.054
212.936
212.718
211.685
211.401
211.228
210.703
229.074
227.943
227.869
226.527
226.228
224.562
223.825
223.735
223.496
232.23
12425.5
