3.01245
4.45449
6.32133
9.06605
10.3347
12.9032
15.6518
18.4273
19.7199
22.9446
25.1729
28.4258
32.3833
34.8922
37.1645
40.2455
43.9202
47.8557
50.5096
53.6702
56.4619
57.6495
58.8676
60.4218
62.7266
65.2265
84.5026
90.2094
97.1545
98.7434
100.956
118.954
121.095
128.498
130.805
132.029
149.785
170.696
173.1
187.146
191.629
195.821
196.841
201.116
202.61
206.636
214.114
216.801
218.186
220.965
229.746
239.365
240.696
242.116
246.539
247.205
251.1
253.196
255.186
268.166
270.827
273.735
274.208
280.046
281.589
284.763
287.016
289.609
291.108
293.926
306.9
308.122
309.095
312.506
313.4
329.953
338.831
343.983
344.895
352.497
357.405
382.11
384.145
389.456
403.878
405.404
407.304
408.73
410.305
412.903
414.999
418.004
419.298
420.2
422.095
423.388
428.693
430.547
435.511
439.482
21501
