4.05304
7.23862
10.4821
15.2789
18.6277
32.8376
59.4176
66.8765
68.6621
77.9172
80.1028
86.1399
131.038
146.675
150.441
166.134
179.187
213.887
220.335
256.054
300.165
303.645
306.503
328.091
348.263
361.528
390.855
392.891
411.363
413.317
415.867
442.55
444.647
454.33
457.55
458.762
505.481
522.03
524.975
572.084
582.058
597.869
604.075
639.105
640.543
651.976
676.428
680.505
686.558
719.303
772.696
807.25
808.552
810.905
827.39
829.634
853.254
859.156
891.582
936.468
947.851
957.042
961.524
1010.07
1011.56
1033.94
1055.2
1074.42
1076.33
1093.42
1106.73
1108.74
1109.78
1118.18
1119.08
1155.32
1168.55
1171.57
1172.43
1192.52
1220.15
1263.61
1266.94
1273.81
1288.38
1290.21
1296.6
1298.02
1299.61
1320.43
1336.41
1379.38
1380.65
1384.94
1411.43
1428.07
1468.54
1475.34
1505.97
1515.41
73969.7
