6.84566
9.15815
12.2416
52.6742
54.103
59.9307
91.6547
100.427
102.357
119.769
126.56
155.214
223.709
265.065
272.247
284.903
297.734
319.208
336.238
375.59
432.072
440.073
446.732
472.953
493.903
506.795
559.152
583.861
613.565
621.497
644.137
688.702
692.028
703.679
719.493
724.309
782.165
814.834
817.205
871.816
891.609
902.99
908.375
943.997
960.408
981.951
1036.24
1054.96
1080.45
1112.08
1174.32
1225.08
1226.9
1228.32
1246.34
1251.15
1289.2
1306.22
1346.25
1394.73
1426.2
1458.16
1464.01
1513.31
1516.35
1545.43
1574.56
1608.53
1612.92
1632.39
1659.22
1665.64
1666.61
1698.53
1699.4
1759.86
1774.95
1805.69
1806.58
1819.47
1882.7
1967.76
1975.12
1982.87
2005.31
2006.84
2020.68
2022.11
2024.65
2043.87
2087.53
2134.15
2135.42
2137.45
2150.68
2165.38
2211.99
2215.74
2233.97
2280
112848
