8.78623
34.7635
44.2948
93.3134
94.7167
115.873
161.228
171.927
177.518
205.36
224.343
273.497
354.234
416.283
427.901
443.048
464.739
536.165
570.554
620.387
680.589
701.447
718.24
755.085
775.48
785.546
842.874
869.788
912.264
929.045
967.556
1011.19
1015.42
1025.52
1050.51
1058.28
1126.51
1171.55
1199.44
1286.63
1336.24
1384.39
1430.46
1487.22
1494.95
1507.54
1543.5
1564.68
1619.39
1650.3
1743.89
1817.74
1824.41
1827.78
1847.18
1849.61
1888.73
1932.01
1988.92
2046.67
2076.26
2113.35
2122.83
2184.19
2200.42
2266.63
2306.12
2333.22
2338.91
2358.38
2397.73
2407.49
2412.59
2461.52
2462.39
2522.55
2563.62
2608.41
2609.3
2627.75
2702.87
2796.09
2810.27
2827.33
2846.28
2848.51
2866.06
2876.11
2885.45
2916.49
2966.75
3017.83
3028.89
3048.28
3087.63
3115.76
3165.81
3170.55
3212.07
3262.88
164933
