3.0438
5.47285
7.5728
13.3418
14.7985
16.5774
19.3517
22.1367
23.4398
26.6873
28.9267
46.6107
79.8303
89.9866
92.2302
99.6313
108.492
122.396
125.032
145.056
166.763
168.754
169.974
180.236
194.925
206.21
221.015
223.074
228.876
231.54
237.283
272.908
275.027
286.623
288.351
289.584
319.531
349.166
351.555
392.861
402.255
415.04
420.189
445.733
447.187
457.27
469.668
475.587
478.133
499.598
545.474
566.165
567.473
568.874
576.195
576.847
582.032
584.942
589.046
609.979
612.624
624.27
624.745
634.645
636.913
656.596
670.169
682.089
683.571
692.263
711.153
713.745
714.044
726.63
727.518
757.078
769.559
775.659
776.562
783.767
812.327
839.853
841.871
847.303
861.888
863.98
867.401
868.845
870.435
883.026
908.284
932.391
933.693
934.941
939.446
942.064
969.517
971.371
986.723
1007.14
48478.7
