3.03113
4.48575
6.36554
9.13109
10.4107
12.0168
14.5173
17.0574
18.2038
21.1904
23.204
25.7198
28.5512
32.0864
34.3702
37.4686
41.1651
45.6991
48.3702
51.5483
53.6869
55.0644
56.2894
57.8455
60.1597
62.604
66.3239
68.456
71.1352
72.7391
74.1119
77.9748
80.1455
83.7677
84.9975
86.233
89.7319
93.3876
95.8449
99.4785
102.662
106.28
108.008
110.39
111.898
114.6
117.97
120.69
122.426
125.279
147.949
154.991
156.332
157.766
161.266
163.052
172.849
174.063
176.069
191.038
193.728
196.918
197.407
203.248
204.811
208.005
210.281
212.904
214.44
217.319
222.582
223.804
224.105
226.238
227.137
233.328
238.389
241.505
242.404
245.636
247.988
251.502
253.563
256.048
261.973
263.529
265.451
266.902
268.502
271.165
273.278
276.36
277.694
278.623
280.566
281.884
284.861
286.749
289.977
293.044
14584
