36.0036
35.2988
35.1008
33.4042
33.2015
32.3229
31.7744
31.7488
31.3686
70.3122
70.2249
66.4616
62.6423
60.5717
60.5172
60.2038
60.1069
57.9786
99.9752
98.886
94.8992
91.6313
91.4812
91.2283
90.987
90.9748
88.947
129.567
128.799
127.986
125.707
125.548
125.483
125.403
122.086
121.804
149.688
149.2
148.884
145.06
144.467
144.029
140.929
140.376
140.116
184.141
182.956
182.569
180.371
180.074
175.903
173.859
173.613
173.48
215.164
214.596
214.45
211.173
209.725
208.61
207.879
206.793
205.082
246.189
244.843
243.315
241.561
241.047
240.862
240.759
240.281
239.324
273.588
273.18
273.138
271.993
271.573
270.244
270.241
269.978
265.132
292.872
292.765
292.528
292.41
292.191
291.159
290.875
290.702
290.177
328.361
327.23
327.156
325.814
325.515
323.849
323.112
323.022
322.783
330.321
18143.9
