1.91004
2.64374
4.03644
4.5615
3.51286
10.3562
13.1259
7.19922
14.3989
10.9075
15.4892
17.1188
23.0593
27.4158
19.1571
24.7765
22.4843
26.8676
13.4582
10.4306
21.7088
27.0455
22.2568
24.0125
25.6717
30.6703
39.945
52.6533
41.9965
40.0719
88.392
63.8922
94.878
52.4899
93.5727
104.816
130.861
133.979
150.222
162.21
168.716
147.669
148.585
187.125
191.127
189.264
196.351
165.593
168.857
181.312
187.506
204.933
191.614
203.323
189.352
210.072
189.558
218.037
231.836
248.754
213.262
203.908
233.548
202.879
227.334
237.563
212.175
207.375
237.041
233.061
241.019
238.973
249.628
241.089
272.685
282.893
284.743
285.537
296.99
286.907
310.205
351.76
361.566
349.382
389.837
382.893
308.023
360.924
389.895
316.355
353.508
382.766
372.904
345.851
372.594
363.387
354.195
377.264
367.565
370.08
17563.4