9.04487
8.34012
8.14211
6.44554
6.24285
5.36421
4.81576
4.79004
4.4099
22.0116
21.9243
18.1611
14.3417
12.2711
12.2166
11.9032
11.8064
9.67804
22.2551
21.1659
17.1791
13.9113
13.7611
13.5082
13.2669
13.2548
11.2269
28.8978
28.1296
27.3164
25.0375
24.8785
24.8141
24.7337
21.4169
21.1348
56.4643
55.9767
55.6604
51.8365
51.2438
50.8056
47.7056
47.1518
46.8921
71.9551
70.7702
70.383
68.1849
67.8881
63.7166
61.6731
61.4263
61.2939
77.7901
77.2224
77.0763
73.7992
72.3515
71.2364
70.5048
69.4186
67.7085
85.0917
83.7457
82.2183
80.4635
79.95
79.7651
79.6617
79.184
78.2271
95.8383
95.4308
95.3887
94.2437
93.824
92.4946
92.4918
92.2281
87.3826
115.919
115.811
115.574
115.456
115.238
114.205
113.921
113.748
113.223
137.399
136.269
136.195
134.853
134.554
132.887
132.15
132.061
131.822
142.348
6227.19
