1.72024
2.92597
4.72543
7.68543
9.07972
21.2045
14.1776
12.0711
16.118
17.7997
21.4526
22.2896
23.0166
36.5112
63.9444
60.9286
54.7377
84.299
95.4191
107.49
104.667
105.215
104.199
126.368
121.261
139.492
144.952
153.464
139.516
154.486
179.967
153.515
171.044
180.258
150.669
193.051
221.162
194.907
209.891
238.672
248.393
250.238
263.519
247.761
261.043
259.326
278.455
264.337
286.592
299.403
315.367
305.599
295.535
315.781
294.081
303.583
315.794
317.609
364.005
345.924
365.863
366.48
374.098
365.388
387.37
397.678
378.732
371.098
393.75
391.358
391.404
394.93
406.123
396.871
436.53
459.066
447.076
458.989
470.799
460.775
498.589
550.602
548.976
540.477
507.28
541.523
551.564
561.234
559.803
561.939
584.688
596.828
561.02
590.267
596.136
572.864
558.352
591.58
585.894
571.548
29042.2