3.07811
4.53598
6.45506
10.289
11.7509
15.1084
17.8739
20.654
21.9607
25.1986
27.4402
30.3107
34.1786
53.6144
55.8834
63.9733
72.2297
94.698
98.8702
117.027
121.265
122.169
123.391
124.941
131.508
138.48
156.436
158.523
162.103
164.595
165.948
183.48
185.626
193.093
194.318
196.103
217.533
230.443
232.85
260.224
267.785
280.01
281.044
283.406
284.897
287.564
310.266
312.943
314.323
320.703
340.601
349.078
350.39
351.813
355.941
356.592
360.209
362.744
377.789
400.838
404.974
414.924
415.413
424.264
426.338
434.105
436.393
439.322
440.844
445.35
453.556
455.486
456.945
467.443
469.021
500.778
513.369
519.688
520.6
527.735
545.776
585.525
588.649
595.601
610.575
612.083
615.244
616.692
618.299
626.528
629.714
638.713
640.036
640.96
642.9
644.22
652.295
654.188
661.511
666.05
32449.2
