8.16822
51.3908
67.577
89.3778
101.245
149.355
187.438
159.822
231.317
212.03
240.841
306.475
381.252
435.498
460.119
482.528
500.971
561.94
609.044
646.002
654.187
691.366
734.382
751.517
763.232
772.384
815.553
851.934
875.599
889.666
964.691
977.663
989.236
969.758
1011.21
1072.44
1124.6
1154.72
1202.24
1281.19
1339.04
1349.61
1424.13
1451.42
1489.36
1506.79
1531.09
1540.4
1628.49
1654.63
1740.2
1777.2
1796.47
1823.88
1779.15
1858.12
1861.03
1921.48
1990.5
2031.49
2066.3
2069.34
2134.46
2152.4
2195.59
2246.41
2295.19
2304.69
2333.03
2346.42
2353.81
2357.73
2405.21
2411.76
2452.97
2506.76
2537.07
2546.2
2586.93
2597.69
2678.03
2753.78
2774.54
2806.81
2782.38
2812.73
2820.34
2836.52
2863.34
2876.49
2936.24
2957.12
2965.18
3014.17
3030.29
3080.65
3118.9
3147.8
3180.65
3202
163462