67.9772
67.2725
67.0745
65.378
65.1752
64.2966
63.7482
63.7225
63.3423
197.277
197.189
193.426
189.607
187.536
187.482
187.168
187.071
184.943
294.233
293.144
289.157
285.889
285.739
285.486
285.245
285.233
283.205
358.954
358.186
357.373
355.094
354.935
354.871
354.79
351.474
351.192
495.042
494.554
494.238
490.414
489.821
489.383
486.283
485.729
485.47
612.503
611.318
610.931
608.733
608.436
604.264
602.221
601.974
601.842
684.036
683.468
683.322
680.045
678.597
677.482
676.75
675.664
673.954
725.878
724.532
723.005
721.25
720.736
720.552
720.448
719.971
719.014
753.823
753.415
753.373
752.228
751.808
750.479
750.476
750.213
745.367
783.215
783.107
782.87
782.752
782.534
781.501
781.217
781.044
780.519
830.974
829.844
829.77
828.428
828.129
826.462
825.725
825.636
825.397
841.722
52657.8
