45.6615
44.9567
44.7587
43.0621
42.8594
41.9808
41.4324
41.4067
41.0265
121.702
121.615
117.852
114.032
111.962
111.907
111.594
111.497
109.369
185.362
184.273
180.286
177.018
176.868
176.615
176.374
176.362
174.334
226.939
226.171
225.358
223.079
222.92
222.856
222.775
219.458
219.176
277.893
277.405
277.089
273.265
272.672
272.234
269.134
268.58
268.321
315.631
314.446
314.059
311.861
311.564
307.392
305.349
305.102
304.97
361.119
360.551
360.405
357.128
355.68
354.565
353.834
352.747
351.037
388.147
386.801
385.274
383.519
383.005
382.82
382.717
382.239
381.282
443.542
443.135
443.093
441.948
441.528
440.199
440.196
439.932
435.087
470.923
470.815
470.578
470.46
470.242
469.209
468.925
468.752
468.227
531.8
530.669
530.595
529.253
528.954
527.288
526.55
526.461
526.222
538.171
30437.5
