13.9807
24.0681
34.9431
95.9348
103.948
113.426
127.054
140.284
147.771
161.59
172.958
182.804
196.273
208.702
258.98
319.263
382.294
394.994
405.728
417.61
457.611
458.616
504.844
512.232
521.724
531.66
543.809
582.755
593.353
600.927
634.481
646.927
656.116
713.497
717.216
720.934
733.088
793.496
802.981
815.356
828.059
843.6
876.257
889.302
899.891
910.683
922.382
932.575
939.633
950.439
964.888
979.438
986.826
1022.96
1038.16
1059.03
1071.07
1076.91
1118.23
1131.83
1142.81
1154.24
1171.78
1228.91
1262.63
1274.18
1284.32
1334.06
1342.07
1353.35
1366.01
1369.92
1371.41
1412.21
1417.24
1430.16
1501.99
1513.25
1517.91
1529.86
1576.43
1588.78
1598.56
1645.4
1658.3
1692.43
1701.87
1709.63
1717.84
1728.96
1770.37
1828.51
1835.85
1859.81
1899.55
1906.49
1960.63
1969.49
1981.77
1993.7
98489.1
