12.6118
23.7208
34.0558
91.0715
98.6318
107.349
119.864
132.14
139.172
151.882
162.414
170.977
183.463
195.271
240.613
308.874
372.73
385.605
396.47
408.587
448.456
449.44
495.435
503.018
512.683
522.777
535.174
574.478
585.307
593.006
626.533
639.189
648.522
706.294
710.068
713.809
726.149
786.989
796.639
809.223
820.778
832.877
861.419
871.836
879.772
890.413
902.356
912.719
919.947
930.974
943.695
956.391
962.876
995.727
1007.48
1028.37
1040.18
1045.88
1085.18
1097.35
1107.93
1119.05
1136.83
1192.37
1225.42
1236.75
1246.72
1295.23
1303.01
1314.05
1326.37
1329.99
1331.46
1371.33
1376.25
1388.9
1451.87
1462.8
1467.35
1479
1524.43
1536.48
1546.07
1591.7
1604.36
1637.81
1647.07
1654.69
1662.73
1673.62
1714.17
1770.95
1778.12
1801.57
1840.46
1847.31
1900.05
1908.74
1920.78
1932.47
95761.2
