14.0893
24.2521
34.62
92.0832
98.8348
106.878
118.034
128.942
135.061
146.339
155.699
163.437
174.602
185.166
227.249
283.224
346.219
358.921
369.732
382.778
431.72
432.657
478.408
485.847
495.347
505.268
517.495
556.378
567.009
574.676
607.708
620.157
629.362
686.507
690.204
693.936
706.106
766.287
775.745
788.094
804.596
818.568
849.8
860.168
868.053
878.625
890.604
900.891
908.039
918.966
931.496
944.075
950.517
982.986
994.699
1015.48
1027.22
1032.88
1071.81
1083.87
1094.39
1105.47
1122.72
1177.69
1210.43
1221.66
1232.22
1290.16
1297.9
1308.78
1320.96
1324.65
1326.12
1365.53
1370.39
1382.89
1445.14
1455.93
1460.41
1471.91
1517.05
1529.06
1538.54
1583.64
1596.14
1629.33
1638.36
1645.77
1653.62
1665.22
1711.44
1769.69
1777.04
1800.75
1840.48
1847.4
1901.5
1910.34
1922.61
1934.51
94686.2
