12.7804
21.0641
30.198
87.0543
94.0545
102.448
114.221
125.659
132.12
143.978
153.838
162.116
176.859
191.444
241.103
299.246
364.276
377.286
388.39
400.512
441.345
442.478
489.791
497.494
507.355
517.652
530.382
570.479
581.532
589.419
623.941
636.834
646.37
705.608
709.65
713.484
726.043
788.396
798.231
811.048
822.856
835.171
864.417
875.041
883.166
894.023
906.365
916.957
924.405
935.635
948.577
961.592
968.213
1001.82
1013.8
1034.9
1046.94
1052.89
1093.18
1105.63
1116.49
1127.86
1145.52
1202.44
1236.19
1247.75
1257.9
1307.64
1315.61
1326.87
1339.43
1343.2
1344.7
1385.61
1390.64
1403.65
1468.17
1479.39
1484.05
1495.91
1542.65
1555.35
1565.16
1611.96
1624.89
1659.02
1668.48
1676.26
1684.46
1695.59
1737.02
1795.25
1802.58
1826.34
1866.11
1873.1
1927.27
1936.1
1948.38
1960.37
96407.1
