14.7242
23.6222
32.4804
86.5688
93.3871
101.427
112.855
124.046
130.321
141.907
151.484
160.057
171.385
182.119
225.537
283.561
348.444
361.381
372.422
384.462
425.166
426.146
473.409
481.079
490.905
501.188
513.759
553.883
564.872
572.695
606.979
619.841
629.347
689.128
692.91
696.704
709.112
771.113
780.851
793.48
805.145
817.32
846.461
856.978
865.013
875.773
887.811
898.285
905.555
916.673
929.485
942.262
948.833
982.304
994.155
1015.35
1027.29
1032.97
1073.04
1085.28
1095.97
1107.21
1124.67
1181.37
1214.88
1226.29
1236.24
1288.76
1296.65
1307.82
1320.27
1323.95
1325.41
1365.69
1370.64
1383.36
1447.17
1458.15
1462.75
1474.47
1520.53
1532.62
1542.29
1588.5
1601.26
1635.01
1644.3
1651.96
1660.06
1671.04
1712.03
1769.63
1776.86
1800.43
1839.67
1846.51
1899.93
1908.67
1920.88
1932.88
94667.5
