12.7199
21.1464
31.5093
87.6716
94.6937
103.105
114.926
126.4
132.964
144.808
154.791
163.155
175.228
186.579
230.86
290.148
362.899
376.17
387.331
399.2
439.069
440.459
486.624
494.137
503.79
513.858
526.334
565.547
577.451
588.473
625.864
638.607
647.845
705.327
709.422
713.185
725.438
785.994
795.609
808.374
819.959
831.976
860.804
871.184
879.026
889.545
901.364
911.656
919.078
929.956
942.72
955.494
961.94
994.769
1006.38
1027.15
1038.86
1044.7
1083.99
1096.05
1106.58
1117.61
1135.22
1190.49
1223.35
1234.74
1244.59
1292.91
1300.62
1311.53
1323.76
1327.45
1328.98
1368.78
1373.64
1386.23
1448.88
1459.82
1464.33
1475.82
1521.34
1533.73
1543.24
1588.7
1601.22
1634.52
1643.68
1651.24
1659.18
1669.97
1710.37
1766.95
1774.09
1797.55
1836.29
1843.1
1895.6
1904.17
1916.12
1927.79
95388.5
