13.1101
22.1168
32.1281
91.6519
99.4101
108.825
121.661
133.135
139.508
151.346
161.15
169.409
181.035
191.946
236.178
295.107
367.553
381.137
391.949
403.64
443.255
444.205
490.232
497.69
507.233
517.23
529.54
568.681
579.369
586.972
620.448
632.976
642.205
699.664
703.394
707.112
719.307
779.726
789.275
801.67
813.112
825.038
853.484
863.796
871.644
882.189
893.989
904.259
911.396
922.291
934.765
947.314
953.74
987.893
999.549
1020.52
1032.2
1037.85
1076.89
1088.89
1099.33
1110.34
1127.76
1182.89
1215.62
1226.8
1236.71
1284.91
1292.6
1303.48
1315.66
1319.25
1320.71
1360.33
1365.18
1377.64
1442.65
1453.86
1458.51
1470.31
1516.43
1528.64
1538.39
1584.65
1597.49
1631.4
1640.75
1648.45
1656.61
1667.63
1708.66
1774.75
1781.81
1805.25
1843.55
1850.23
1902.34
1910.89
1922.69
1934.19
95182.3
